0.0000E+00  0.0000E+00
4.1705E+04  0.0000E+00
4.1766E+04  3.9659E+01
4.1826E+04  1.4971E+03
4.1886E+04  1.2201E+03
4.1946E+04  1.0815E+03
4.2006E+04  9.9683E+02
4.2066E+04  9.3997E+02
4.2126E+04  8.9955E+02
4.2186E+04  8.6977E+02
4.2246E+04  8.4732E+02
4.2306E+04  8.3014E+02
4.2366E+04  8.1689E+02
4.2426E+04  8.0666E+02
4.2486E+04  7.9877E+02
4.2546E+04  7.9273E+02
4.2606E+04  7.8815E+02
4.2666E+04  7.8478E+02
4.2726E+04  7.8245E+02
4.2786E+04  7.8098E+02
4.2846E+04  7.8025E+02
4.2906E+04  7.8014E+02
4.2966E+04  7.8056E+02
4.3026E+04  7.8145E+02
4.3086E+04  7.8273E+02
4.3146E+04  7.8436E+02
4.3206E+04  7.8629E+02
4.3266E+04  7.8849E+02
4.3326E+04  7.9091E+02
4.3386E+04  7.9354E+02
4.3446E+04  7.9636E+02
4.3506E+04  7.9933E+02
4.3566E+04  8.0247E+02
4.3626E+04  8.0575E+02
4.3686E+04  8.0917E+02
4.3746E+04  8.1271E+02
4.3806E+04  8.1637E+02
4.3866E+04  8.2013E+02
4.3926E+04  8.2399E+02
4.3986E+04  8.2793E+02
4.4046E+04  8.3196E+02
4.4106E+04  8.3607E+02
4.4166E+04  8.4024E+02
4.4226E+04  8.4448E+02
4.4286E+04  8.4879E+02
4.4346E+04  8.5354E+02
4.4406E+04  8.5849E+02
4.4466E+04  8.6349E+02
4.4526E+04  8.6854E+02
4.4586E+04  8.7363E+02
4.4646E+04  8.7878E+02
4.4706E+04  8.8398E+02
4.4766E+04  8.8921E+02
4.4826E+04  8.9455E+02
4.4886E+04  9.0010E+02
4.4946E+04  9.0588E+02
4.5006E+04  9.1190E+02
4.5066E+04  9.1816E+02
4.5126E+04  9.2467E+02
4.5186E+04  9.3144E+02
4.5246E+04  9.3848E+02
4.5306E+04  9.4581E+02
4.5366E+04  9.5341E+02
4.5426E+04  9.6136E+02
4.5486E+04  9.6967E+02
4.5546E+04  9.7836E+02
4.5606E+04  9.8744E+02
4.5666E+04  9.9691E+02
4.5726E+04  1.0068E+03
4.5786E+04  1.0170E+03
4.5846E+04  1.0277E+03
4.5906E+04  1.0387E+03
4.5966E+04  1.0501E+03
4.6026E+04  1.0616E+03
4.6086E+04  1.0734E+03
4.6146E+04  1.0852E+03
4.6206E+04  1.0970E+03
4.6266E+04  1.1087E+03
4.6326E+04  1.1204E+03
4.6386E+04  1.1320E+03
4.6446E+04  1.1435E+03
4.6506E+04  1.1551E+03
4.6566E+04  1.1666E+03
4.6626E+04  1.1780E+03
4.6686E+04  1.1895E+03
4.6746E+04  1.2009E+03
4.6806E+04  1.2122E+03
4.6866E+04  1.2236E+03
4.6926E+04  1.2349E+03
4.6986E+04  1.2462E+03
4.7046E+04  1.2574E+03
4.7106E+04  1.2687E+03
4.7166E+04  1.2799E+03
4.7226E+04  1.2911E+03
4.7286E+04  1.3022E+03
4.7346E+04  1.3134E+03
4.7406E+04  1.3245E+03
4.7466E+04  1.3355E+03
4.7526E+04  1.3466E+03
4.7586E+04  1.3576E+03
4.7646E+04  1.3686E+03
4.7706E+04  1.3796E+03
4.7766E+04  1.3905E+03
4.7826E+04  1.4014E+03
4.7886E+04  1.4123E+03
4.7946E+04  1.4232E+03
4.8006E+04  1.4340E+03
4.8066E+04  1.4448E+03
4.8126E+04  1.4555E+03
4.8186E+04  1.4663E+03
4.8246E+04  1.4694E+03
4.8306E+04  1.4701E+03
4.8366E+04  1.4739E+03
4.8426E+04  1.4845E+03
4.8486E+04  1.4951E+03
4.8546E+04  1.5057E+03
4.8606E+04  1.5163E+03
4.8666E+04  1.5269E+03
4.8726E+04  1.5374E+03
4.8786E+04  1.5479E+03
4.8846E+04  1.5584E+03
4.8906E+04  1.5688E+03
4.8966E+04  1.5793E+03
4.9026E+04  1.5897E+03
4.9086E+04  1.6001E+03
4.9146E+04  1.6104E+03
4.9206E+04  1.6208E+03
4.9266E+04  1.6311E+03
4.9326E+04  1.6414E+03
4.9386E+04  1.6517E+03
4.9446E+04  1.6619E+03
4.9506E+04  1.6722E+03
4.9566E+04  1.6824E+03
4.9626E+04  1.6926E+03
4.9686E+04  1.7028E+03
4.9746E+04  1.7129E+03
4.9806E+04  1.7231E+03
4.9866E+04  1.7332E+03
4.9926E+04  1.7433E+03
4.9986E+04  1.7534E+03
5.0046E+04  1.7635E+03
5.0106E+04  1.7735E+03
5.0166E+04  1.7835E+03
5.0226E+04  1.7936E+03
5.0286E+04  1.8036E+03
5.0346E+04  1.8135E+03
5.0406E+04  1.8235E+03
5.0466E+04  1.8334E+03
5.0526E+04  1.8434E+03
5.0586E+04  1.8533E+03
5.0646E+04  1.8632E+03
5.0706E+04  1.8731E+03
5.0766E+04  1.8829E+03
5.0826E+04  1.8928E+03
5.0886E+04  1.9026E+03
5.0946E+04  1.9124E+03
5.1006E+04  1.9222E+03
5.1066E+04  1.9320E+03
5.1126E+04  1.9417E+03
5.1186E+04  1.9515E+03
5.1246E+04  1.9612E+03
5.1306E+04  1.9709E+03
5.1366E+04  1.9806E+03
5.1426E+04  1.9900E+03
5.1486E+04  1.9995E+03
5.1546E+04  2.0044E+03
5.1606E+04  2.0082E+03
5.1666E+04  2.0120E+03
5.1726E+04  2.0156E+03
5.1786E+04  2.0171E+03
5.1846E+04  2.0154E+03
5.1906E+04  2.0137E+03
5.1966E+04  2.0120E+03
5.2026E+04  2.0103E+03
5.2086E+04  2.0085E+03
5.2146E+04  2.0067E+03
5.2206E+04  2.0049E+03
5.2266E+04  2.0031E+03
5.2326E+04  2.0011E+03
5.2386E+04  1.9986E+03
5.2446E+04  1.9949E+03
5.2506E+04  1.9912E+03
5.2566E+04  1.9875E+03
5.2626E+04  1.9838E+03
5.2686E+04  1.9801E+03
5.2746E+04  1.9764E+03
5.2806E+04  1.9727E+03
5.2866E+04  1.9689E+03
5.2926E+04  1.9652E+03
5.2986E+04  1.9615E+03
5.3046E+04  1.9577E+03
5.3106E+04  1.9658E+03
5.3166E+04  1.9999E+03
5.3226E+04  2.0350E+03
5.3286E+04  2.0699E+03
5.3346E+04  2.1048E+03
5.3406E+04  2.1398E+03
5.3466E+04  2.1747E+03
5.3526E+04  2.2097E+03
5.3586E+04  2.2446E+03
5.3646E+04  2.2794E+03
5.3706E+04  2.3147E+03
5.3766E+04  2.3499E+03
5.3826E+04  2.3847E+03
5.3886E+04  2.4194E+03
5.3946E+04  2.4536E+03
5.4006E+04  2.4875E+03
5.4066E+04  2.5210E+03
5.4126E+04  2.5541E+03
5.4186E+04  2.5866E+03
5.4246E+04  2.6187E+03
5.4306E+04  2.6502E+03
5.4366E+04  2.6812E+03
5.4426E+04  2.7116E+03
5.4486E+04  2.7413E+03
5.4546E+04  2.7704E+03
5.4606E+04  2.7988E+03
5.4666E+04  2.8266E+03
5.4726E+04  2.8537E+03
5.4786E+04  2.8801E+03
5.4846E+04  2.9058E+03
5.4906E+04  2.9309E+03
5.4966E+04  2.9552E+03
5.5026E+04  2.9788E+03
5.5086E+04  3.0017E+03
5.5146E+04  3.0240E+03
5.5206E+04  3.0455E+03
5.5266E+04  3.0662E+03
5.5326E+04  3.0863E+03
5.5386E+04  3.1057E+03
5.5446E+04  3.1244E+03
5.5506E+04  3.1424E+03
5.5566E+04  3.1598E+03
5.5626E+04  3.1764E+03
5.5686E+04  3.1925E+03
5.5746E+04  3.2079E+03
5.5806E+04  3.2227E+03
5.5866E+04  3.2368E+03
5.5926E+04  3.2504E+03
5.5986E+04  3.2635E+03
5.6046E+04  3.2759E+03
5.6106E+04  3.2878E+03
5.6166E+04  3.2992E+03
5.6226E+04  3.3101E+03
5.6286E+04  3.3204E+03
5.6346E+04  3.3303E+03
5.6406E+04  3.3397E+03
5.6466E+04  3.3487E+03
5.6526E+04  3.3572E+03
5.6586E+04  3.3653E+03
5.6646E+04  3.3730E+03
5.6706E+04  3.3803E+03
5.6766E+04  3.3872E+03
5.6826E+04  3.3938E+03
5.6886E+04  3.4000E+03
5.6946E+04  3.4058E+03
5.7006E+04  3.4114E+03
5.7066E+04  3.4166E+03
5.7126E+04  3.4215E+03
5.7186E+04  3.4262E+03
5.7246E+04  3.4305E+03
5.7306E+04  3.4346E+03
5.7366E+04  3.4384E+03
5.7426E+04  3.4421E+03
5.7486E+04  3.4454E+03
5.7546E+04  3.4485E+03
5.7606E+04  3.4515E+03
5.7666E+04  3.4542E+03
5.7726E+04  3.4567E+03
5.7786E+04  3.4590E+03
5.7846E+04  3.4612E+03
5.7906E+04  3.4632E+03
5.7966E+04  3.4651E+03
5.8026E+04  3.4668E+03
5.8086E+04  3.4684E+03
5.8146E+04  3.4698E+03
5.8206E+04  3.4712E+03
5.8266E+04  3.4723E+03
5.8326E+04  3.4734E+03
5.8386E+04  3.4743E+03
5.8446E+04  3.4752E+03
5.8506E+04  3.4759E+03
5.8566E+04  3.4765E+03
5.8626E+04  3.4771E+03
5.8686E+04  3.4775E+03
5.8746E+04  3.4779E+03
5.8806E+04  3.4781E+03
5.8866E+04  3.4783E+03
5.8926E+04  3.4785E+03
5.8986E+04  3.4787E+03
5.9046E+04  3.4788E+03
5.9106E+04  3.4790E+03
5.9166E+04  3.4792E+03
5.9226E+04  3.4794E+03
5.9286E+04  3.4796E+03
5.9346E+04  3.4798E+03
5.9406E+04  3.4800E+03
5.9466E+04  3.4802E+03
5.9526E+04  3.4805E+03
5.9586E+04  3.4807E+03
5.9646E+04  3.4810E+03
5.9706E+04  3.4813E+03
5.9766E+04  3.4815E+03
5.9826E+04  3.4817E+03
5.9886E+04  3.4820E+03
5.9946E+04  3.4822E+03
6.0006E+04  3.4824E+03
6.0066E+04  3.4827E+03
6.0126E+04  3.4830E+03
6.0186E+04  3.4833E+03
6.0246E+04  3.4835E+03
6.0306E+04  3.4838E+03
6.0366E+04  3.4841E+03
6.0426E+04  3.4845E+03
6.0486E+04  3.4848E+03
6.0546E+04  3.4851E+03
6.0606E+04  3.4854E+03
6.0666E+04  3.4858E+03
6.0726E+04  3.4859E+03
6.0786E+04  3.4860E+03
6.0846E+04  3.4861E+03
6.0906E+04  3.4864E+03
6.0966E+04  3.4867E+03
6.1026E+04  3.4869E+03
6.1086E+04  3.4870E+03
6.1146E+04  3.4872E+03
6.1206E+04  3.4873E+03
6.1266E+04  3.4875E+03
6.1326E+04  3.4876E+03
6.1386E+04  3.4877E+03
6.1446E+04  3.4878E+03
6.1506E+04  3.4879E+03
6.1566E+04  3.4880E+03
6.1626E+04  3.4881E+03
6.1686E+04  3.4882E+03
6.1746E+04  3.4884E+03
6.1806E+04  3.4885E+03
6.1866E+04  3.4886E+03
6.1926E+04  3.4888E+03
6.1986E+04  3.4890E+03
6.2046E+04  3.4891E+03
6.2106E+04  3.4892E+03
6.2166E+04  3.4893E+03
6.2226E+04  3.4895E+03
6.2286E+04  3.4896E+03
6.2346E+04  3.4897E+03
6.2406E+04  3.4899E+03
6.2466E+04  3.4900E+03
6.2526E+04  3.4902E+03
6.2586E+04  3.4904E+03
6.2646E+04  3.4905E+03
6.2706E+04  3.4907E+03
6.2766E+04  3.4909E+03
6.2826E+04  3.4911E+03
6.2886E+04  3.4914E+03
6.2946E+04  3.4916E+03
6.3006E+04  3.4919E+03
6.3066E+04  3.4921E+03
6.3126E+04  3.4923E+03
6.3186E+04  3.4925E+03
6.3246E+04  3.4926E+03
6.3306E+04  3.4928E+03
6.3366E+04  3.4930E+03
6.3426E+04  3.4932E+03
6.3486E+04  3.4934E+03
6.3546E+04  3.4936E+03
6.3606E+04  3.4938E+03
6.3666E+04  3.4940E+03
6.3726E+04  3.4942E+03
6.3786E+04  3.4945E+03
6.3846E+04  3.4948E+03
6.3906E+04  3.4950E+03
6.3966E+04  3.4953E+03
6.4026E+04  3.4956E+03
6.4086E+04  3.4960E+03
6.4146E+04  3.4963E+03
6.4206E+04  3.4967E+03
6.4266E+04  3.4969E+03
6.4326E+04  3.4971E+03
6.4386E+04  3.4974E+03
6.4446E+04  3.4976E+03
6.4506E+04  3.4979E+03
6.4566E+04  3.4982E+03
6.4626E+04  3.4982E+03
6.4686E+04  3.4985E+03
6.4746E+04  3.4990E+03
6.4806E+04  3.4996E+03
6.4866E+04  3.5003E+03
6.4926E+04  3.5010E+03
6.4986E+04  3.5014E+03
6.5046E+04  3.5015E+03
6.5106E+04  3.5016E+03
6.5166E+04  3.5018E+03
6.5226E+04  3.5019E+03
6.5286E+04  3.5020E+03
6.5346E+04  3.5022E+03
6.5406E+04  3.5023E+03
6.5466E+04  3.5025E+03
6.5526E+04  3.5027E+03
6.5586E+04  3.5029E+03
6.5646E+04  3.5031E+03
6.5706E+04  3.5033E+03
6.5766E+04  3.5035E+03
6.5826E+04  3.5038E+03
6.5886E+04  3.5041E+03
6.5946E+04  3.5044E+03
6.6006E+04  3.5046E+03
6.6066E+04  3.5050E+03
6.6126E+04  3.5053E+03
6.6186E+04  3.5056E+03
6.6246E+04  3.5057E+03
6.6306E+04  3.5061E+03
6.6366E+04  3.5065E+03
6.6426E+04  3.5068E+03
6.6486E+04  3.5071E+03
6.6546E+04  3.5074E+03
6.6606E+04  3.5077E+03
6.6666E+04  3.5080E+03
6.6726E+04  3.5083E+03
6.6786E+04  3.5086E+03
6.6846E+04  3.5090E+03
6.6906E+04  3.5093E+03
6.6966E+04  3.5097E+03
6.7026E+04  3.5102E+03
6.7086E+04  3.5106E+03
6.7146E+04  3.5111E+03
6.7206E+04  3.5117E+03
6.7266E+04  3.5122E+03
6.7326E+04  3.5128E+03
6.7386E+04  3.5115E+03
6.7446E+04  3.5078E+03
6.7506E+04  3.5041E+03
6.7566E+04  3.5005E+03
6.7626E+04  3.4969E+03
6.7686E+04  3.4933E+03
6.7746E+04  3.4897E+03
6.7806E+04  3.4862E+03
6.7866E+04  3.4827E+03
6.7926E+04  3.4792E+03
6.7986E+04  3.4757E+03
6.8046E+04  3.4721E+03
6.8106E+04  3.4682E+03
6.8166E+04  3.4644E+03
6.8226E+04  3.4607E+03
6.8286E+04  3.4570E+03
6.8346E+04  3.4532E+03
6.8406E+04  3.4494E+03
6.8466E+04  3.4456E+03
6.8526E+04  3.4418E+03
6.8586E+04  3.4380E+03
6.8646E+04  3.4343E+03
6.8706E+04  3.4305E+03
6.8766E+04  3.4268E+03
6.8826E+04  3.4232E+03
6.8886E+04  3.4195E+03
6.8946E+04  3.4159E+03
6.9006E+04  3.4123E+03
6.9066E+04  3.4087E+03
6.9126E+04  3.4052E+03
6.9186E+04  3.4017E+03
6.9246E+04  3.3982E+03
6.9306E+04  3.3947E+03
6.9366E+04  3.3912E+03
6.9426E+04  3.3878E+03
6.9486E+04  3.3844E+03
6.9546E+04  3.3810E+03
6.9606E+04  3.3777E+03
6.9666E+04  3.3743E+03
6.9726E+04  3.3709E+03
6.9786E+04  3.3672E+03
6.9846E+04  3.3631E+03
6.9906E+04  3.3590E+03
6.9966E+04  3.3549E+03
7.0026E+04  3.3508E+03
7.0086E+04  3.3468E+03
7.0146E+04  3.3428E+03
7.0206E+04  3.3388E+03
7.0266E+04  3.3348E+03
7.0326E+04  3.3309E+03
7.0386E+04  3.3270E+03
7.0446E+04  3.3232E+03
7.0506E+04  3.3194E+03
7.0566E+04  3.3156E+03
7.0626E+04  3.3118E+03
7.0686E+04  3.3081E+03
7.0746E+04  3.3044E+03
7.0806E+04  3.3007E+03
7.0866E+04  3.2970E+03
7.0926E+04  3.2933E+03
7.0986E+04  3.2896E+03
7.1046E+04  3.2860E+03
7.1106E+04  3.2823E+03
7.1166E+04  3.2787E+03
7.1226E+04  3.2752E+03
7.1286E+04  3.2716E+03
7.1346E+04  3.2679E+03
7.1406E+04  3.2620E+03
7.1466E+04  3.2561E+03
7.1526E+04  3.2503E+03
7.1586E+04  3.2446E+03
7.1646E+04  3.2390E+03
7.1706E+04  3.2335E+03
7.1766E+04  3.2281E+03
7.1826E+04  3.2229E+03
7.1886E+04  3.2177E+03
7.1946E+04  3.2126E+03
7.2006E+04  3.2075E+03
7.2066E+04  3.2025E+03
7.2126E+04  3.1976E+03
7.2186E+04  3.1927E+03
7.2246E+04  3.1879E+03
7.2306E+04  3.1831E+03
7.2366E+04  3.1785E+03
7.2426E+04  3.1739E+03
7.2486E+04  3.1693E+03
7.2546E+04  3.1649E+03
7.2606E+04  3.1605E+03
7.2666E+04  3.1562E+03
7.2726E+04  3.1519E+03
7.2786E+04  3.1477E+03
7.2846E+04  3.1436E+03
7.2906E+04  3.1395E+03
7.2966E+04  3.1354E+03
7.3026E+04  3.1314E+03
7.3086E+04  3.1274E+03
7.3146E+04  3.1235E+03
7.3206E+04  3.1196E+03
7.3266E+04  3.1158E+03
7.3326E+04  3.1120E+03
7.3386E+04  3.1083E+03
7.3446E+04  3.1046E+03
7.3506E+04  3.1010E+03
7.3566E+04  3.0974E+03
7.3626E+04  3.0938E+03
7.3686E+04  3.0903E+03
7.3746E+04  3.0869E+03
7.3806E+04  3.0835E+03
7.3866E+04  3.0801E+03
7.3926E+04  3.0767E+03
7.3986E+04  3.0737E+03
7.4046E+04  3.0704E+03
7.4106E+04  3.0671E+03
7.4166E+04  3.0639E+03
7.4226E+04  3.0607E+03
7.4286E+04  3.0575E+03
7.4346E+04  3.0544E+03
7.4406E+04  3.0513E+03
7.4466E+04  3.0483E+03
7.4526E+04  3.0452E+03
7.4586E+04  3.0422E+03
7.4646E+04  3.0391E+03
7.4706E+04  3.0361E+03
7.4766E+04  3.0331E+03
7.4826E+04  3.0302E+03
7.4886E+04  3.0273E+03
7.4946E+04  3.0243E+03
7.5006E+04  3.0214E+03
7.5066E+04  3.0185E+03
7.5126E+04  3.0156E+03
7.5186E+04  3.0127E+03
7.5246E+04  3.0099E+03
7.5306E+04  3.0071E+03
7.5366E+04  3.0044E+03
7.5426E+04  3.0016E+03
7.5486E+04  2.9989E+03
7.5546E+04  2.9963E+03
7.5606E+04  2.9936E+03
7.5666E+04  2.9910E+03
7.5726E+04  2.9884E+03
7.5786E+04  2.9858E+03
7.5846E+04  2.9832E+03
7.5906E+04  2.9807E+03
7.5966E+04  2.9782E+03
7.6026E+04  2.9757E+03
7.6086E+04  2.9732E+03
7.6146E+04  2.9707E+03
7.6206E+04  2.9682E+03
7.6266E+04  2.9658E+03
7.6326E+04  2.9633E+03
7.6386E+04  2.9609E+03
7.6446E+04  2.9585E+03
7.6506E+04  2.9561E+03
7.6566E+04  2.9537E+03
7.6626E+04  2.9514E+03
7.6686E+04  2.9491E+03
7.6746E+04  2.9467E+03
7.6806E+04  2.9445E+03
7.6866E+04  2.9422E+03
7.6926E+04  2.9400E+03
7.6986E+04  2.9377E+03
7.7046E+04  2.9355E+03
7.7106E+04  2.9333E+03
7.7166E+04  2.9312E+03
7.7226E+04  2.9290E+03
7.7286E+04  2.9269E+03
7.7346E+04  2.9247E+03
7.7406E+04  2.9226E+03
7.7466E+04  2.9205E+03
7.7526E+04  2.9184E+03
7.7586E+04  2.9164E+03
7.7646E+04  2.9143E+03
7.7706E+04  2.9123E+03
7.7766E+04  2.9103E+03
7.7826E+04  2.9083E+03
7.7886E+04  2.9063E+03
7.7946E+04  2.9042E+03
7.8006E+04  2.9021E+03
7.8066E+04  2.9000E+03
7.8126E+04  2.8980E+03
7.8186E+04  2.8959E+03
7.8246E+04  2.8939E+03
7.8306E+04  2.8919E+03
7.8366E+04  2.8899E+03
7.8426E+04  2.8879E+03
7.8486E+04  2.8860E+03
7.8546E+04  2.8840E+03
7.8606E+04  2.8821E+03
7.8666E+04  2.8802E+03
7.8726E+04  2.8782E+03
7.8786E+04  2.8763E+03
7.8846E+04  2.8744E+03
7.8906E+04  2.8726E+03
7.8966E+04  2.8707E+03
7.9026E+04  2.8688E+03
7.9086E+04  2.8669E+03
7.9146E+04  2.8650E+03
7.9206E+04  2.8632E+03
7.9266E+04  2.8613E+03
7.9326E+04  2.8595E+03
7.9386E+04  2.8577E+03
7.9446E+04  2.8559E+03
7.9506E+04  2.8541E+03
7.9566E+04  2.8523E+03
7.9626E+04  2.8506E+03
7.9686E+04  2.8488E+03
7.9746E+04  2.8471E+03
7.9806E+04  2.8454E+03
7.9866E+04  2.8437E+03
7.9926E+04  2.8420E+03
7.9986E+04  2.8403E+03
8.0046E+04  2.8387E+03
8.0106E+04  2.8370E+03
8.0166E+04  2.8353E+03
8.0226E+04  2.8337E+03
8.0286E+04  2.8320E+03
8.0346E+04  2.8303E+03
8.0406E+04  2.8287E+03
8.0466E+04  2.8271E+03
8.0526E+04  2.8255E+03
8.0586E+04  2.8238E+03
8.0646E+04  2.8222E+03
8.0706E+04  2.8206E+03
8.0766E+04  2.8190E+03
8.0826E+04  2.8173E+03
8.0886E+04  2.8157E+03
8.0946E+04  2.8141E+03
8.1006E+04  2.8123E+03
8.1066E+04  2.8107E+03
8.1126E+04  2.8092E+03
8.1186E+04  2.8076E+03
8.1246E+04  2.8061E+03
8.1306E+04  2.8045E+03
8.1366E+04  2.8030E+03
8.1426E+04  2.8015E+03
8.1486E+04  2.8000E+03
8.1546E+04  2.7985E+03
8.1606E+04  2.7970E+03
8.1666E+04  2.7955E+03
8.1726E+04  2.7940E+03
8.1786E+04  2.7922E+03
8.1846E+04  2.7901E+03
8.1906E+04  2.7881E+03
8.1966E+04  2.7860E+03
8.2026E+04  2.7840E+03
8.2086E+04  2.7819E+03
8.2146E+04  2.7799E+03
8.2206E+04  2.7777E+03
8.2266E+04  2.7805E+03
8.2326E+04  2.7847E+03
8.2386E+04  2.7883E+03
8.2446E+04  2.7917E+03
8.2506E+04  2.7949E+03
8.2566E+04  2.7979E+03
8.2626E+04  2.8007E+03
8.2686E+04  2.8031E+03
8.2746E+04  2.8054E+03
8.2806E+04  2.8075E+03
8.2866E+04  2.8095E+03
8.2926E+04  2.8112E+03
8.2986E+04  2.8126E+03
8.3046E+04  2.8139E+03
8.3106E+04  2.8151E+03
8.3166E+04  2.8161E+03
8.3226E+04  2.8171E+03
8.3286E+04  2.8179E+03
8.3346E+04  2.8187E+03
8.3406E+04  2.8194E+03
8.3466E+04  2.8200E+03
8.3526E+04  2.8203E+03
8.3586E+04  2.8206E+03
8.3646E+04  2.8208E+03
8.3706E+04  2.8209E+03
8.3766E+04  2.8211E+03
8.3826E+04  2.8212E+03
8.3886E+04  2.8214E+03
8.3946E+04  2.8217E+03
8.4006E+04  2.8222E+03
8.4066E+04  2.8233E+03
8.4126E+04  2.8266E+03
8.4186E+04  2.8260E+03
8.4246E+04  2.8253E+03
8.4306E+04  2.8245E+03
8.4366E+04  2.8236E+03
8.4426E+04  2.8227E+03
8.4486E+04  2.8217E+03
8.4546E+04  2.8207E+03
8.4606E+04  2.8196E+03
8.4666E+04  2.8183E+03
8.4726E+04  2.8169E+03
8.4786E+04  2.8155E+03
8.4846E+04  2.8140E+03
8.4906E+04  2.8125E+03
8.4966E+04  2.8110E+03
8.5026E+04  2.8094E+03
8.5086E+04  2.8079E+03
8.5146E+04  2.8062E+03
8.5206E+04  2.8043E+03
8.5266E+04  2.8024E+03
8.5326E+04  2.8005E+03
8.5386E+04  2.7986E+03
8.5446E+04  2.7967E+03
8.5506E+04  2.7947E+03
8.5566E+04  2.7928E+03
8.5626E+04  2.7908E+03
8.5686E+04  2.7887E+03
8.5746E+04  2.7865E+03
8.5806E+04  2.7843E+03
8.5866E+04  2.7821E+03
8.5926E+04  2.7797E+03
8.5986E+04  2.7896E+03
8.6046E+04  2.8148E+03
8.6106E+04  2.8152E+03
8.6166E+04  2.8119E+03
8.6226E+04  2.8085E+03
8.6286E+04  2.8052E+03
8.6346E+04  2.8018E+03
8.6406E+04  2.7984E+03
8.6466E+04  2.7950E+03
8.6526E+04  2.7917E+03
8.6586E+04  2.7883E+03
8.6646E+04  2.7850E+03
8.6706E+04  2.7817E+03
8.6766E+04  2.7783E+03
8.6826E+04  2.7750E+03
8.6886E+04  2.7718E+03
8.6946E+04  2.7685E+03
8.7006E+04  2.7652E+03
8.7066E+04  2.7619E+03
8.7126E+04  2.7586E+03
8.7186E+04  2.7553E+03
8.7246E+04  2.7520E+03
8.7306E+04  2.7487E+03
8.7366E+04  2.7455E+03
8.7426E+04  2.7422E+03
8.7486E+04  2.7390E+03
8.7546E+04  2.7358E+03
8.7606E+04  2.7326E+03
8.7666E+04  2.7294E+03
8.7726E+04  2.7263E+03
8.7786E+04  2.7230E+03
8.7846E+04  2.7198E+03
8.7906E+04  2.7166E+03
8.7966E+04  2.7135E+03
8.8026E+04  2.7103E+03
8.8086E+04  2.7072E+03
8.8146E+04  2.7040E+03
8.8206E+04  2.7009E+03
8.8266E+04  2.6978E+03
8.8326E+04  2.6947E+03
8.8386E+04  2.6915E+03
8.8446E+04  2.6884E+03
8.8506E+04  2.6853E+03
8.8566E+04  2.6822E+03
8.8626E+04  2.6791E+03
8.8686E+04  2.6760E+03
8.8746E+04  2.6730E+03
8.8806E+04  2.6699E+03
8.8866E+04  2.6669E+03
8.8926E+04  2.6639E+03
8.8986E+04  2.6608E+03
8.9046E+04  2.6579E+03
8.9106E+04  2.6549E+03
8.9166E+04  2.6519E+03
8.9226E+04  2.6490E+03
8.9286E+04  2.6460E+03
8.9346E+04  2.6431E+03
8.9406E+04  2.6402E+03
8.9466E+04  2.6373E+03
8.9526E+04  2.6345E+03
8.9586E+04  2.6316E+03
8.9646E+04  2.6289E+03
8.9706E+04  2.6263E+03
8.9766E+04  2.6237E+03
8.9826E+04  2.6209E+03
8.9886E+04  2.6182E+03
8.9946E+04  2.6154E+03
9.0006E+04  2.6127E+03
9.0066E+04  2.6099E+03
9.0126E+04  2.6072E+03
9.0186E+04  2.6045E+03
9.0246E+04  2.6589E+03
9.0306E+04  2.6701E+03
9.0366E+04  2.6653E+03
9.0426E+04  2.6605E+03
9.0486E+04  2.6557E+03
9.0546E+04  2.6510E+03
9.0606E+04  2.6464E+03
9.0666E+04  2.6418E+03
9.0726E+04  2.6372E+03
9.0786E+04  2.6327E+03
9.0846E+04  2.6282E+03
9.0906E+04  2.6238E+03
9.0966E+04  2.6194E+03
9.1026E+04  2.6151E+03
9.1086E+04  2.6108E+03
9.1146E+04  2.6065E+03
9.1206E+04  2.6023E+03
9.1266E+04  2.5981E+03
9.1326E+04  2.5940E+03
9.1386E+04  2.5899E+03
9.1446E+04  2.5858E+03
9.1506E+04  2.5817E+03
9.1566E+04  2.5777E+03
9.1626E+04  2.5737E+03
9.1686E+04  2.5697E+03
9.1746E+04  2.5657E+03
9.1806E+04  2.5618E+03
9.1866E+04  2.5580E+03
9.1926E+04  2.5541E+03
9.1986E+04  2.5503E+03
9.2046E+04  2.5465E+03
9.2106E+04  2.5428E+03
9.2166E+04  2.5390E+03
9.2226E+04  2.5352E+03
9.2286E+04  2.5313E+03
9.2346E+04  2.5275E+03
9.2406E+04  2.5236E+03
9.2466E+04  2.5198E+03
9.2526E+04  2.5161E+03
9.2586E+04  2.5124E+03
9.2646E+04  2.5087E+03
9.2706E+04  2.5051E+03
9.2766E+04  2.5015E+03
9.2826E+04  2.4980E+03
9.2886E+04  2.4945E+03
9.2946E+04  2.4911E+03
9.3006E+04  2.4877E+03
9.3066E+04  2.4843E+03
9.3126E+04  2.4809E+03
9.3186E+04  2.4776E+03
9.3246E+04  2.4742E+03
9.3306E+04  2.4710E+03
9.3366E+04  2.4677E+03
9.3426E+04  2.4645E+03
9.3486E+04  2.4613E+03
9.3546E+04  2.4582E+03
9.3606E+04  2.4551E+03
9.3666E+04  2.4520E+03
9.3726E+04  2.4490E+03
9.3786E+04  2.4460E+03
9.3846E+04  2.4430E+03
9.3906E+04  2.4401E+03
9.3966E+04  2.4372E+03
9.4026E+04  2.4343E+03
9.4086E+04  2.4314E+03
9.4146E+04  2.4286E+03
9.4206E+04  2.4258E+03
9.4266E+04  2.4231E+03
9.4326E+04  2.4203E+03
9.4386E+04  2.4176E+03
9.4446E+04  2.4149E+03
9.4506E+04  2.4123E+03
9.4566E+04  2.4097E+03
9.4626E+04  2.4071E+03
9.4686E+04  2.4045E+03
9.4746E+04  2.4020E+03
9.4806E+04  2.3995E+03
9.4866E+04  2.3970E+03
9.4926E+04  2.3946E+03
9.4986E+04  2.3921E+03
9.5046E+04  2.3897E+03
9.5106E+04  2.3874E+03
9.5166E+04  2.3850E+03
9.5226E+04  2.3827E+03
9.5286E+04  2.3804E+03
9.5346E+04  2.3781E+03
9.5406E+04  2.3759E+03
9.5466E+04  2.3736E+03
9.5526E+04  2.3742E+03
9.5586E+04  2.3749E+03
9.5646E+04  2.3739E+03
9.5706E+04  2.3726E+03
9.5766E+04  2.3714E+03
9.5826E+04  2.3702E+03
9.5886E+04  2.3689E+03
9.5946E+04  2.3677E+03
9.6006E+04  2.3664E+03
9.6066E+04  2.3652E+03
9.6126E+04  2.3639E+03
9.6186E+04  2.3626E+03
9.6246E+04  2.3614E+03
9.6306E+04  2.3601E+03
9.6366E+04  2.3588E+03
9.6426E+04  2.3576E+03
9.6486E+04  2.3563E+03
9.6546E+04  2.3550E+03
9.6606E+04  2.3537E+03
9.6666E+04  2.3524E+03
9.6726E+04  2.3512E+03
9.6786E+04  2.3498E+03
9.6846E+04  2.3485E+03
9.6906E+04  2.3472E+03
9.6966E+04  2.3459E+03
9.7026E+04  2.3446E+03
9.7086E+04  2.3433E+03
9.7146E+04  2.3420E+03
9.7206E+04  2.3407E+03
9.7266E+04  2.3394E+03
9.7326E+04  2.3381E+03
9.7386E+04  2.3368E+03
9.7446E+04  2.3355E+03
9.7506E+04  2.3342E+03
9.7566E+04  2.3330E+03
9.7626E+04  2.3317E+03
9.7686E+04  2.3304E+03
9.7746E+04  2.3292E+03
9.7806E+04  2.3280E+03
9.7866E+04  2.3267E+03
9.7926E+04  2.3252E+03
9.7986E+04  2.3237E+03
9.8046E+04  2.3222E+03
9.8106E+04  2.3208E+03
9.8166E+04  2.3193E+03
9.8226E+04  2.3178E+03
9.8286E+04  2.3163E+03
9.8346E+04  2.3148E+03
9.8406E+04  2.3133E+03
9.8466E+04  2.3119E+03
9.8526E+04  2.3104E+03
9.8586E+04  2.3089E+03
9.8646E+04  2.3074E+03
9.8706E+04  2.3059E+03
9.8766E+04  2.3045E+03
9.8826E+04  2.3030E+03
9.8886E+04  2.3015E+03
9.8946E+04  2.3000E+03
9.9006E+04  2.2986E+03
9.9066E+04  2.2971E+03
9.9126E+04  2.2956E+03
9.9186E+04  2.2941E+03
9.9246E+04  2.2926E+03
9.9306E+04  2.2911E+03
9.9366E+04  2.2897E+03
9.9426E+04  2.2882E+03
9.9486E+04  2.2867E+03
9.9546E+04  2.2853E+03
9.9606E+04  2.2838E+03
9.9666E+04  2.2824E+03
9.9726E+04  2.2809E+03
9.9786E+04  2.2794E+03
9.9846E+04  2.2780E+03
9.9906E+04  2.2765E+03
9.9966E+04  2.2750E+03
1.0003E+05  2.2888E+03
1.0009E+05  2.2569E+03
1.0015E+05  2.2706E+03
1.0021E+05  2.2691E+03
1.0027E+05  2.2676E+03
1.0033E+05  2.2661E+03
1.0039E+05  2.2647E+03
1.0045E+05  2.2632E+03
1.0051E+05  2.2617E+03
1.0057E+05  2.2602E+03
1.0063E+05  2.2587E+03
1.0069E+05  2.2573E+03
1.0075E+05  2.2558E+03
1.0081E+05  2.2543E+03
1.0087E+05  2.2528E+03
1.0093E+05  2.2514E+03
1.0099E+05  2.2499E+03
1.0105E+05  2.2484E+03
1.0111E+05  2.2470E+03
1.0117E+05  2.2455E+03
1.0123E+05  2.2440E+03
1.0129E+05  2.2426E+03
1.0135E+05  2.2411E+03
1.0141E+05  2.2396E+03
1.0147E+05  2.2382E+03
1.0153E+05  2.2368E+03
1.0159E+05  2.2354E+03
1.0165E+05  2.2341E+03
1.0171E+05  2.2328E+03
1.0177E+05  2.2314E+03
1.0183E+05  2.2302E+03
1.0189E+05  2.2290E+03
1.0195E+05  2.2278E+03
1.0201E+05  2.2268E+03
1.0207E+05  2.2260E+03
1.0213E+05  2.2245E+03
1.0219E+05  2.2228E+03
1.0225E+05  2.2212E+03
1.0231E+05  2.2195E+03
1.0237E+05  2.2179E+03
1.0243E+05  2.2163E+03
1.0249E+05  2.2146E+03
1.0255E+05  2.2130E+03
1.0261E+05  2.2113E+03
1.0267E+05  2.2096E+03
1.0273E+05  2.2080E+03
1.0279E+05  2.2063E+03
1.0285E+05  2.2047E+03
1.0291E+05  2.2030E+03
1.0297E+05  2.2014E+03
1.0303E+05  2.1997E+03
1.0309E+05  2.1981E+03
1.0315E+05  2.1965E+03
1.0321E+05  2.1948E+03
1.0327E+05  2.1932E+03
1.0333E+05  2.1916E+03
1.0339E+05  2.1899E+03
1.0345E+05  2.1883E+03
1.0351E+05  2.1867E+03
1.0357E+05  2.1851E+03
1.0363E+05  2.1835E+03
1.0369E+05  2.1819E+03
1.0375E+05  2.1803E+03
1.0381E+05  2.1787E+03
1.0387E+05  2.1771E+03
1.0393E+05  2.1755E+03
1.0399E+05  2.1739E+03
1.0405E+05  2.1723E+03
1.0411E+05  2.1707E+03
1.0417E+05  2.1692E+03
1.0423E+05  2.1676E+03
1.0429E+05  2.1660E+03
1.0435E+05  2.1645E+03
1.0441E+05  2.1629E+03
1.0447E+05  2.1614E+03
1.0453E+05  2.1598E+03
1.0459E+05  2.1583E+03
1.0465E+05  2.1568E+03
1.0471E+05  2.1553E+03
1.0477E+05  2.1538E+03
1.0483E+05  2.1524E+03
1.0489E+05  2.1509E+03
1.0495E+05  2.1494E+03
1.0501E+05  2.1480E+03
1.0507E+05  2.1465E+03
1.0513E+05  2.1451E+03
1.0519E+05  2.1437E+03
1.0525E+05  2.1423E+03
1.0531E+05  2.1409E+03
1.0537E+05  2.1395E+03
1.0543E+05  2.1382E+03
1.0549E+05  2.1368E+03
1.0555E+05  2.1351E+03
1.0561E+05  2.1330E+03
1.0567E+05  2.1309E+03
1.0573E+05  2.1288E+03
1.0579E+05  2.1267E+03
1.0585E+05  2.1247E+03
1.0591E+05  2.1227E+03
1.0597E+05  2.1207E+03
1.0603E+05  2.1187E+03
1.0609E+05  2.1168E+03
1.0615E+05  2.1148E+03
1.0621E+05  2.1130E+03
1.0627E+05  2.1111E+03
1.0633E+05  2.1092E+03
1.0639E+05  2.1074E+03
1.0645E+05  2.1056E+03
1.0651E+05  2.1038E+03
1.0657E+05  2.1020E+03
1.0663E+05  2.1003E+03
1.0669E+05  2.0986E+03
1.0675E+05  2.0972E+03
1.0681E+05  2.0955E+03
1.0687E+05  2.0939E+03
1.0693E+05  2.0922E+03
1.0699E+05  2.0906E+03
1.0705E+05  2.0890E+03
1.0711E+05  2.0874E+03
1.0717E+05  2.0858E+03
1.0723E+05  2.0842E+03
1.0729E+05  2.0827E+03
1.0735E+05  2.0811E+03
1.0741E+05  2.0796E+03
1.0747E+05  2.0781E+03
1.0753E+05  2.0766E+03
1.0759E+05  2.0752E+03
1.0765E+05  2.0738E+03
1.0771E+05  2.0723E+03
1.0777E+05  2.0710E+03
1.0783E+05  2.0696E+03
1.0789E+05  2.0682E+03
1.0795E+05  2.0669E+03
1.0801E+05  2.0656E+03
1.0807E+05  2.0642E+03
1.0813E+05  2.0629E+03
1.0819E+05  2.0617E+03
1.0825E+05  2.0604E+03
1.0831E+05  2.0592E+03
1.0837E+05  2.0579E+03
1.0843E+05  2.0567E+03
1.0849E+05  2.0555E+03
1.0855E+05  2.0543E+03
1.0861E+05  2.0532E+03
1.0867E+05  2.0520E+03
1.0873E+05  2.0506E+03
1.0879E+05  2.0493E+03
1.0885E+05  2.0480E+03
1.0891E+05  2.0467E+03
1.0897E+05  2.0454E+03
1.0903E+05  2.0441E+03
1.0909E+05  2.0428E+03
1.0915E+05  2.0415E+03
1.0921E+05  2.0403E+03
1.0927E+05  2.0390E+03
1.0933E+05  2.0378E+03
1.0939E+05  2.0366E+03
1.0945E+05  2.0353E+03
1.0951E+05  2.0341E+03
1.0957E+05  2.0329E+03
1.0963E+05  2.0317E+03
1.0969E+05  2.0306E+03
1.0975E+05  2.0294E+03
1.0981E+05  2.0282E+03
1.0987E+05  2.0271E+03
1.0993E+05  2.0259E+03
1.0999E+05  2.0248E+03
1.1005E+05  2.0237E+03
1.1011E+05  2.0226E+03
1.1017E+05  2.0215E+03
1.1023E+05  2.0203E+03
1.1029E+05  2.0193E+03
1.1035E+05  2.0182E+03
1.1041E+05  2.0171E+03
1.1047E+05  2.0160E+03
1.1053E+05  2.0150E+03
1.1059E+05  2.0139E+03
1.1065E+05  2.0129E+03
1.1071E+05  2.0118E+03
1.1077E+05  2.0108E+03
1.1083E+05  2.0098E+03
1.1089E+05  2.0088E+03
1.1095E+05  2.0077E+03
1.1101E+05  2.0067E+03
1.1107E+05  2.0057E+03
1.1113E+05  2.0046E+03
1.1119E+05  2.0036E+03
1.1125E+05  2.0026E+03
1.1131E+05  2.0016E+03
1.1137E+05  2.0006E+03
1.1143E+05  1.9996E+03
1.1149E+05  1.9986E+03
1.1155E+05  1.9977E+03
1.1161E+05  1.9967E+03
1.1167E+05  1.9957E+03
1.1173E+05  1.9947E+03
1.1179E+05  1.9938E+03
1.1185E+05  1.9928E+03
1.1191E+05  1.9919E+03
1.1197E+05  1.9909E+03
1.1203E+05  1.9900E+03
1.1209E+05  1.9893E+03
1.1215E+05  1.9887E+03
1.1221E+05  1.9880E+03
1.1227E+05  1.9874E+03
1.1233E+05  1.9868E+03
1.1239E+05  1.9862E+03
1.1245E+05  1.9855E+03
1.1251E+05  1.9849E+03
1.1257E+05  1.9842E+03
1.1263E+05  1.9836E+03
1.1269E+05  1.9829E+03
1.1275E+05  1.9823E+03
1.1281E+05  1.9816E+03
1.1287E+05  1.9810E+03
1.1293E+05  1.9803E+03
1.1299E+05  1.9797E+03
1.1305E+05  1.9790E+03
1.1311E+05  1.9783E+03
1.1317E+05  1.9777E+03
1.1323E+05  1.9770E+03
1.1329E+05  1.9764E+03
1.1335E+05  1.9757E+03
1.1341E+05  1.9751E+03
1.1347E+05  1.9745E+03
1.1353E+05  1.9739E+03
1.1359E+05  1.9733E+03
1.1365E+05  1.9727E+03
1.1371E+05  1.9721E+03
1.1377E+05  1.9716E+03
1.1383E+05  1.9708E+03
1.1389E+05  1.9699E+03
1.1395E+05  1.9690E+03
1.1401E+05  1.9681E+03
1.1407E+05  1.9672E+03
1.1413E+05  1.9663E+03
1.1419E+05  1.9655E+03
1.1425E+05  1.9646E+03
1.1431E+05  1.9637E+03
1.1437E+05  1.9628E+03
1.1443E+05  1.9619E+03
1.1449E+05  1.9610E+03
1.1455E+05  1.9601E+03
1.1461E+05  1.9592E+03
1.1467E+05  1.9583E+03
1.1473E+05  1.9573E+03
1.1479E+05  1.9563E+03
1.1485E+05  1.9569E+03
1.1491E+05  1.9572E+03
1.1497E+05  1.9575E+03
1.1503E+05  1.9577E+03
1.1509E+05  1.9577E+03
1.1515E+05  1.9577E+03
1.1521E+05  1.9576E+03
1.1527E+05  1.9574E+03
1.1533E+05  1.9571E+03
1.1539E+05  1.9566E+03
1.1545E+05  1.9559E+03
1.1551E+05  1.9551E+03
1.1557E+05  1.9543E+03
1.1563E+05  1.9534E+03
1.1569E+05  1.9524E+03
1.1575E+05  1.9514E+03
1.1581E+05  1.9503E+03
1.1587E+05  1.9492E+03
1.1593E+05  1.9480E+03
1.1599E+05  1.9466E+03
1.1605E+05  1.9451E+03
1.1611E+05  1.9437E+03
1.1617E+05  1.9422E+03
1.1623E+05  1.9406E+03
1.1629E+05  1.9390E+03
1.1635E+05  1.9373E+03
1.1641E+05  1.9357E+03
1.1647E+05  1.9340E+03
1.1653E+05  1.9322E+03
1.1659E+05  1.9304E+03
1.1665E+05  1.9285E+03
1.1671E+05  1.9266E+03
1.1677E+05  1.9247E+03
1.1683E+05  1.9228E+03
1.1689E+05  1.9208E+03
1.1695E+05  1.9188E+03
1.1701E+05  1.9167E+03
1.1707E+05  1.9147E+03
1.1713E+05  1.9126E+03
1.1719E+05  1.9105E+03
1.1725E+05  1.9083E+03
1.1731E+05  1.9061E+03
1.1737E+05  1.9039E+03
1.1743E+05  1.9017E+03
1.1749E+05  1.8995E+03
1.1755E+05  1.8972E+03
1.1761E+05  1.8950E+03
1.1767E+05  1.8927E+03
1.1773E+05  1.8903E+03
1.1779E+05  1.8880E+03
1.1785E+05  1.8857E+03
1.1791E+05  1.8833E+03
1.1797E+05  1.8810E+03
1.1803E+05  1.8786E+03
1.1809E+05  1.8763E+03
1.1815E+05  1.8739E+03
1.1821E+05  1.8715E+03
1.1827E+05  1.8692E+03
1.1833E+05  1.8668E+03
1.1839E+05  1.8644E+03
1.1845E+05  1.8621E+03
1.1851E+05  1.8597E+03
1.1857E+05  1.8574E+03
1.1863E+05  1.8551E+03
1.1869E+05  1.8528E+03
1.1875E+05  1.8506E+03
1.1881E+05  1.8484E+03
1.1887E+05  1.8464E+03
1.1893E+05  1.8438E+03
1.1899E+05  1.8410E+03
1.1905E+05  1.8383E+03
1.1911E+05  1.8355E+03
1.1917E+05  1.8328E+03
1.1923E+05  1.8300E+03
1.1929E+05  1.8272E+03
1.1935E+05  1.8244E+03
1.1941E+05  1.8217E+03
1.1947E+05  1.8189E+03
1.1953E+05  1.8161E+03
1.1959E+05  1.8133E+03
1.1965E+05  1.8105E+03
1.1971E+05  1.8076E+03
1.1977E+05  1.8048E+03
1.1983E+05  1.8020E+03
1.1989E+05  1.7998E+03
1.1995E+05  1.7969E+03
1.2001E+05  1.7941E+03
1.2007E+05  1.7913E+03
1.2013E+05  1.7885E+03
1.2019E+05  1.7858E+03
1.2025E+05  1.7831E+03
1.2031E+05  1.7804E+03
1.2037E+05  1.7777E+03
1.2043E+05  1.7750E+03
1.2049E+05  1.7723E+03
1.2055E+05  1.7696E+03
1.2061E+05  1.7669E+03
1.2067E+05  1.7642E+03
1.2073E+05  1.7614E+03
1.2079E+05  1.7587E+03
1.2085E+05  1.7559E+03
1.2091E+05  1.7532E+03
1.2097E+05  1.7504E+03
1.2103E+05  1.7476E+03
1.2109E+05  1.7448E+03
1.2115E+05  1.7421E+03
1.2121E+05  1.7393E+03
1.2127E+05  1.7365E+03
1.2133E+05  1.7337E+03
1.2139E+05  1.7309E+03
1.2145E+05  1.7281E+03
1.2151E+05  1.7252E+03
1.2157E+05  1.7224E+03
1.2163E+05  1.7196E+03
1.2169E+05  1.7168E+03
1.2175E+05  1.7139E+03
1.2181E+05  1.7111E+03
1.2187E+05  1.7082E+03
1.2193E+05  1.7054E+03
1.2199E+05  1.7026E+03
1.2205E+05  1.6997E+03
1.2211E+05  1.6968E+03
1.2217E+05  1.6940E+03
1.2223E+05  1.6911E+03
1.2229E+05  1.6882E+03
1.2235E+05  1.6854E+03
1.2241E+05  1.6825E+03
1.2247E+05  1.6796E+03
1.2253E+05  1.6767E+03
1.2259E+05  1.6739E+03
1.2265E+05  1.6710E+03
1.2271E+05  1.6681E+03
1.2277E+05  1.6652E+03
1.2283E+05  1.6624E+03
1.2289E+05  1.6595E+03
1.2295E+05  1.6567E+03
1.2301E+05  1.6539E+03
1.2307E+05  1.6511E+03
1.2313E+05  1.6483E+03
1.2319E+05  1.6455E+03
1.2325E+05  1.6427E+03
1.2331E+05  1.6399E+03
1.2337E+05  1.6371E+03
1.2343E+05  1.6343E+03
1.2349E+05  1.6315E+03
1.2355E+05  1.6295E+03
1.2361E+05  1.6280E+03
1.2367E+05  1.6265E+03
1.2373E+05  1.6250E+03
1.2379E+05  1.6235E+03
1.2385E+05  1.6221E+03
1.2391E+05  1.6207E+03
1.2397E+05  1.6193E+03
1.2403E+05  1.6179E+03
1.2409E+05  1.6166E+03
1.2415E+05  1.6154E+03
1.2421E+05  1.6142E+03
1.2427E+05  1.6125E+03
1.2433E+05  1.6107E+03
1.2439E+05  1.6089E+03
1.2445E+05  1.6071E+03
1.2451E+05  1.6053E+03
1.2457E+05  1.6036E+03
1.2463E+05  1.6019E+03
1.2469E+05  1.6002E+03
1.2475E+05  1.5985E+03
1.2481E+05  1.5968E+03
1.2487E+05  1.5951E+03
1.2493E+05  1.5935E+03
1.2499E+05  1.5918E+03
1.2505E+05  1.5902E+03
1.2511E+05  1.5886E+03
1.2517E+05  1.5870E+03
1.2523E+05  1.5854E+03
1.2529E+05  1.5838E+03
1.2535E+05  1.5823E+03
1.2541E+05  1.5807E+03
1.2547E+05  1.5792E+03
1.2553E+05  1.5777E+03
1.2559E+05  1.5762E+03
1.2565E+05  1.5745E+03
1.2571E+05  1.5729E+03
1.2577E+05  1.5712E+03
1.2583E+05  1.5696E+03
1.2589E+05  1.5680E+03
1.2595E+05  1.5664E+03
1.2601E+05  1.5648E+03
1.2607E+05  1.5633E+03
1.2613E+05  1.5618E+03
1.2619E+05  1.5603E+03
1.2625E+05  1.5588E+03
1.2631E+05  1.5573E+03
1.2637E+05  1.5558E+03
1.2643E+05  1.5544E+03
1.2649E+05  1.5530E+03
1.2655E+05  1.5516E+03
1.2661E+05  1.5502E+03
1.2667E+05  1.5488E+03
1.2673E+05  1.5474E+03
1.2679E+05  1.5461E+03
1.2685E+05  1.5448E+03
1.2691E+05  1.5435E+03
1.2697E+05  1.5422E+03
1.2703E+05  1.5409E+03
1.2709E+05  1.5396E+03
1.2715E+05  1.5384E+03
1.2721E+05  1.5372E+03
1.2727E+05  1.5360E+03
1.2733E+05  1.5348E+03
1.2739E+05  1.5336E+03
1.2745E+05  1.5324E+03
1.2751E+05  1.5313E+03
1.2757E+05  1.5301E+03
1.2763E+05  1.5290E+03
1.2769E+05  1.5279E+03
1.2775E+05  1.5268E+03
1.2781E+05  1.5257E+03
1.2787E+05  1.5247E+03
1.2793E+05  1.5235E+03
1.2799E+05  1.5223E+03
1.2805E+05  1.5212E+03
1.2811E+05  1.5200E+03
1.2817E+05  1.5189E+03
1.2823E+05  1.5177E+03
1.2829E+05  1.5166E+03
1.2835E+05  1.5155E+03
1.2841E+05  1.5144E+03
1.2847E+05  1.5133E+03
1.2853E+05  1.5122E+03
1.2859E+05  1.5111E+03
1.2865E+05  1.5100E+03
1.2871E+05  1.5090E+03
1.2877E+05  1.5079E+03
1.2883E+05  1.5069E+03
1.2889E+05  1.5058E+03
1.2895E+05  1.5048E+03
1.2901E+05  1.5038E+03
1.2907E+05  1.5028E+03
1.2913E+05  1.5018E+03
1.2919E+05  1.5008E+03
1.2925E+05  1.4998E+03
1.2931E+05  1.4988E+03
1.2937E+05  1.4979E+03
1.2943E+05  1.4969E+03
1.2949E+05  1.4960E+03
1.2955E+05  1.4950E+03
1.2961E+05  1.4941E+03
1.2967E+05  1.4932E+03
1.2973E+05  1.4923E+03
1.2979E+05  1.4914E+03
1.2985E+05  1.4905E+03
1.2991E+05  1.4896E+03
1.2997E+05  1.4887E+03
1.3003E+05  1.4878E+03
1.3009E+05  1.4870E+03
1.3015E+05  1.4861E+03
1.3021E+05  1.4853E+03
1.3027E+05  1.4844E+03
1.3033E+05  1.4836E+03
1.3039E+05  1.4828E+03
1.3045E+05  1.4820E+03
1.3051E+05  1.4811E+03
1.3057E+05  1.4803E+03
1.3063E+05  1.4795E+03
1.3069E+05  1.4788E+03
1.3075E+05  1.4780E+03
1.3081E+05  1.4772E+03
1.3087E+05  1.4764E+03
1.3093E+05  1.4757E+03
1.3099E+05  1.4749E+03
1.3105E+05  1.4741E+03
1.3111E+05  1.4734E+03
1.3117E+05  1.4726E+03
1.3123E+05  1.4719E+03
1.3129E+05  1.4711E+03
1.3135E+05  1.4704E+03
1.3141E+05  1.4697E+03
1.3147E+05  1.4690E+03
1.3153E+05  1.4682E+03
1.3159E+05  1.4675E+03
1.3165E+05  1.4668E+03
1.3171E+05  1.4661E+03
1.3177E+05  1.4654E+03
1.3183E+05  1.4647E+03
1.3189E+05  1.4640E+03
1.3195E+05  1.4633E+03
1.3201E+05  1.4627E+03
1.3207E+05  1.4620E+03
1.3213E+05  1.4613E+03
1.3219E+05  1.4606E+03
1.3225E+05  1.4600E+03
1.3231E+05  1.4593E+03
1.3237E+05  1.4587E+03
1.3243E+05  1.4580E+03
1.3249E+05  1.4574E+03
1.3255E+05  1.4567E+03
1.3261E+05  1.4561E+03
1.3267E+05  1.4555E+03
1.3273E+05  1.4548E+03
1.3279E+05  1.4542E+03
1.3285E+05  1.4536E+03
1.3291E+05  1.4530E+03
1.3297E+05  1.4524E+03
1.3303E+05  1.4518E+03
1.3309E+05  1.4512E+03
1.3315E+05  1.4506E+03
1.3321E+05  1.4499E+03
1.3327E+05  1.4492E+03
1.3333E+05  1.4485E+03
1.3339E+05  1.4478E+03
1.3345E+05  1.4472E+03
1.3351E+05  1.4465E+03
1.3357E+05  1.4458E+03
1.3363E+05  1.4452E+03
1.3369E+05  1.4445E+03
1.3375E+05  1.4439E+03
1.3381E+05  1.4433E+03
1.3387E+05  1.4426E+03
1.3393E+05  1.4420E+03
1.3399E+05  1.4414E+03
1.3405E+05  1.4407E+03
1.3411E+05  1.4401E+03
1.3417E+05  1.4395E+03
1.3423E+05  1.4389E+03
1.3429E+05  1.4383E+03
1.3435E+05  1.4377E+03
1.3441E+05  1.4371E+03
1.3447E+05  1.4365E+03
1.3453E+05  1.4360E+03
1.3459E+05  1.4354E+03
1.3465E+05  1.4348E+03
1.3471E+05  1.4342E+03
1.3477E+05  1.4337E+03
1.3483E+05  1.4331E+03
1.3489E+05  1.4326E+03
1.3495E+05  1.4320E+03
1.3501E+05  1.4315E+03
1.3507E+05  1.4309E+03
1.3513E+05  1.4304E+03
1.3519E+05  1.4299E+03
1.3525E+05  1.4293E+03
1.3531E+05  1.4288E+03
1.3537E+05  1.4283E+03
1.3543E+05  1.4278E+03
1.3549E+05  1.4273E+03
1.3555E+05  1.4268E+03
1.3561E+05  1.4263E+03
1.3567E+05  1.4258E+03
1.3573E+05  1.4253E+03
1.3579E+05  1.4248E+03
1.3585E+05  1.4243E+03
1.3591E+05  1.4238E+03
1.3597E+05  1.4233E+03
1.3603E+05  1.4229E+03
1.3609E+05  1.4224E+03
1.3615E+05  1.4219E+03
1.3621E+05  1.4215E+03
1.3627E+05  1.4210E+03
1.3633E+05  1.4206E+03
1.3639E+05  1.4202E+03
1.3645E+05  1.4197E+03
1.3651E+05  1.4193E+03
1.3657E+05  1.4189E+03
1.3663E+05  1.4185E+03
1.3669E+05  1.4181E+03
1.3675E+05  1.4177E+03
1.3681E+05  1.4173E+03
1.3687E+05  1.4169E+03
1.3693E+05  1.4165E+03
1.3699E+05  1.4162E+03
1.3705E+05  1.4156E+03
1.3711E+05  1.4151E+03
1.3717E+05  1.4145E+03
1.3723E+05  1.4139E+03
1.3729E+05  1.4134E+03
1.3735E+05  1.4129E+03
1.3741E+05  1.4123E+03
1.3747E+05  1.4118E+03
1.3753E+05  1.4112E+03
1.3759E+05  1.4107E+03
1.3765E+05  1.4102E+03
1.3771E+05  1.4096E+03
1.3777E+05  1.4091E+03
1.3783E+05  1.4086E+03
1.3789E+05  1.4081E+03
1.3795E+05  1.4076E+03
1.3801E+05  1.4070E+03
1.3807E+05  1.4065E+03
1.3813E+05  1.4060E+03
1.3819E+05  1.4055E+03
1.3825E+05  1.4050E+03
1.3831E+05  1.4045E+03
1.3837E+05  1.4040E+03
1.3843E+05  1.4035E+03
1.3849E+05  1.4030E+03
1.3855E+05  1.4025E+03
1.3861E+05  1.4020E+03
1.3867E+05  1.4015E+03
1.3873E+05  1.4010E+03
1.3879E+05  1.4006E+03
1.3885E+05  1.4001E+03
1.3891E+05  1.3996E+03
1.3897E+05  1.3991E+03
1.3903E+05  1.3986E+03
1.3909E+05  1.3982E+03
1.3915E+05  1.3977E+03
1.3921E+05  1.3972E+03
1.3927E+05  1.3968E+03
1.3933E+05  1.3963E+03
1.3939E+05  1.3958E+03
1.3945E+05  1.3954E+03
1.3951E+05  1.3949E+03
1.3957E+05  1.3944E+03
1.3963E+05  1.3940E+03
1.3969E+05  1.3935E+03
1.3975E+05  1.3931E+03
1.3981E+05  1.3926E+03
1.3987E+05  1.3922E+03
1.3993E+05  1.3917E+03
1.3999E+05  1.3913E+03
1.4005E+05  1.3908E+03
1.4011E+05  1.3904E+03
1.4017E+05  1.3899E+03
1.4023E+05  1.3895E+03
1.4029E+05  1.3891E+03
1.4035E+05  1.3886E+03
1.4041E+05  1.3882E+03
1.4047E+05  1.3878E+03
1.4053E+05  1.3873E+03
1.4059E+05  1.3869E+03
1.4065E+05  1.3865E+03
1.4071E+05  1.3861E+03
1.4077E+05  1.3856E+03
1.4083E+05  1.3852E+03
1.4089E+05  1.3848E+03
1.4095E+05  1.3844E+03
1.4101E+05  1.3839E+03
1.4107E+05  1.3835E+03
1.4113E+05  1.3831E+03
1.4119E+05  1.3827E+03
1.4125E+05  1.3823E+03
1.4131E+05  1.3819E+03
1.4137E+05  1.3815E+03
1.4143E+05  1.3811E+03
1.4149E+05  1.3807E+03
1.4155E+05  1.3802E+03
1.4161E+05  1.3798E+03
1.4167E+05  1.3794E+03
1.4173E+05  1.3790E+03
1.4179E+05  1.3786E+03
1.4185E+05  1.3782E+03
1.4191E+05  1.3778E+03
1.4197E+05  1.3774E+03
1.4203E+05  1.3771E+03
1.4209E+05  1.3767E+03
1.4215E+05  1.3763E+03
1.4221E+05  1.3759E+03
1.4227E+05  1.3755E+03
1.4233E+05  1.3751E+03
1.4239E+05  1.3747E+03
1.4245E+05  1.3744E+03
1.4251E+05  1.3740E+03
1.4257E+05  1.3736E+03
1.4263E+05  1.3733E+03
1.4269E+05  1.3729E+03
1.4275E+05  1.3726E+03
1.4281E+05  1.3722E+03
1.4287E+05  1.3719E+03
1.4293E+05  1.3715E+03
1.4299E+05  1.3712E+03
1.4305E+05  1.3708E+03
1.4311E+05  1.3705E+03
1.4317E+05  1.3702E+03
1.4323E+05  1.3698E+03
1.4329E+05  1.3695E+03
1.4335E+05  1.3692E+03
1.4341E+05  1.3688E+03
1.4347E+05  1.3685E+03
1.4353E+05  1.3682E+03
1.4359E+05  1.3679E+03
1.4365E+05  1.3676E+03
1.4371E+05  1.3673E+03
1.4377E+05  1.3670E+03
1.4383E+05  1.3667E+03
1.4389E+05  1.3662E+03
1.4395E+05  1.3658E+03
1.4401E+05  1.3653E+03
1.4407E+05  1.3649E+03
1.4413E+05  1.3644E+03
1.4419E+05  1.3640E+03
1.4425E+05  1.3635E+03
1.4431E+05  1.3631E+03
1.4437E+05  1.3626E+03
1.4443E+05  1.3622E+03
1.4449E+05  1.3618E+03
1.4455E+05  1.3613E+03
1.4461E+05  1.3609E+03
1.4467E+05  1.3605E+03
1.4473E+05  1.3600E+03
1.4479E+05  1.3596E+03
1.4485E+05  1.3592E+03
1.4491E+05  1.3588E+03
1.4497E+05  1.3584E+03
1.4503E+05  1.3579E+03
1.4509E+05  1.3575E+03
1.4515E+05  1.3571E+03
1.4521E+05  1.3567E+03
1.4527E+05  1.3563E+03
1.4533E+05  1.3566E+03
1.4539E+05  1.3562E+03
1.4545E+05  1.3558E+03
1.4551E+05  1.3554E+03
1.4557E+05  1.3550E+03
1.4563E+05  1.3546E+03
1.4569E+05  1.3542E+03
1.4575E+05  1.3538E+03
1.4581E+05  1.3534E+03
1.4587E+05  1.3530E+03
1.4593E+05  1.3526E+03
1.4599E+05  1.3522E+03
1.4605E+05  1.3519E+03
1.4611E+05  1.3515E+03
1.4617E+05  1.3511E+03
1.4623E+05  1.3507E+03
1.4629E+05  1.3503E+03
1.4635E+05  1.3500E+03
1.4641E+05  1.3496E+03
1.4647E+05  1.3492E+03
1.4653E+05  1.3489E+03
1.4659E+05  1.3485E+03
1.4665E+05  1.3481E+03
1.4671E+05  1.3478E+03
1.4677E+05  1.3474E+03
1.4683E+05  1.3470E+03
1.4689E+05  1.3467E+03
1.4695E+05  1.3463E+03
1.4701E+05  1.3460E+03
1.4707E+05  1.3456E+03
1.4713E+05  1.3453E+03
1.4719E+05  1.3449E+03
1.4725E+05  1.3446E+03
1.4731E+05  1.3442E+03
1.4737E+05  1.3439E+03
1.4743E+05  1.3436E+03
1.4749E+05  1.3432E+03
1.4755E+05  1.3429E+03
1.4761E+05  1.3426E+03
1.4767E+05  1.3422E+03
1.4773E+05  1.3419E+03
1.4779E+05  1.3416E+03
1.4785E+05  1.3413E+03
1.4791E+05  1.3410E+03
1.4797E+05  1.3407E+03
1.4803E+05  1.3403E+03
1.4809E+05  1.3400E+03
1.4815E+05  1.3397E+03
1.4821E+05  1.3394E+03
1.4827E+05  1.3391E+03
1.4833E+05  1.3388E+03
1.4839E+05  1.3386E+03
1.4845E+05  1.3383E+03
1.4851E+05  1.3379E+03
1.4857E+05  1.3375E+03
1.4863E+05  1.3371E+03
1.4869E+05  1.3367E+03
1.4875E+05  1.3363E+03
1.4881E+05  1.3359E+03
1.4887E+05  1.3355E+03
1.4893E+05  1.3351E+03
1.4899E+05  1.3347E+03
1.4905E+05  1.3343E+03
1.4911E+05  1.3339E+03
1.4917E+05  1.3336E+03
1.4923E+05  1.3332E+03
1.4929E+05  1.3328E+03
1.4935E+05  1.3324E+03
1.4941E+05  1.3320E+03
1.4947E+05  1.3316E+03
1.4953E+05  1.3313E+03
1.4959E+05  1.3309E+03
1.4965E+05  1.3305E+03
1.4971E+05  1.3302E+03
1.4977E+05  1.3298E+03
1.4983E+05  1.3294E+03
1.4989E+05  1.3290E+03
1.4995E+05  1.3287E+03
1.5001E+05  1.3283E+03
1.5007E+05  1.3279E+03
1.5013E+05  1.3276E+03
1.5019E+05  1.3272E+03
1.5025E+05  1.3269E+03
1.5031E+05  1.3265E+03
1.5037E+05  1.3261E+03
1.5043E+05  1.3258E+03
1.5049E+05  1.3254E+03
1.5055E+05  1.3251E+03
1.5061E+05  1.3247E+03
1.5067E+05  1.3244E+03
1.5073E+05  1.3240E+03
1.5079E+05  1.3237E+03
1.5085E+05  1.3233E+03
1.5091E+05  1.3230E+03
1.5097E+05  1.3226E+03
1.5103E+05  1.3223E+03
1.5109E+05  1.3219E+03
1.5115E+05  1.3216E+03
1.5121E+05  1.3213E+03
1.5127E+05  1.3209E+03
1.5133E+05  1.3206E+03
1.5139E+05  1.3202E+03
1.5145E+05  1.3199E+03
1.5151E+05  1.3196E+03
1.5157E+05  1.3192E+03
1.5163E+05  1.3189E+03
1.5169E+05  1.3186E+03
1.5175E+05  1.3182E+03
1.5181E+05  1.3179E+03
1.5187E+05  1.3175E+03
1.5193E+05  1.3172E+03
1.5199E+05  1.3169E+03
1.5205E+05  1.3165E+03
1.5211E+05  1.3162E+03
1.5217E+05  1.3159E+03
1.5223E+05  1.3156E+03
1.5229E+05  1.3152E+03
1.5235E+05  1.3149E+03
1.5241E+05  1.3146E+03
1.5247E+05  1.3142E+03
1.5253E+05  1.3139E+03
1.5259E+05  1.3136E+03
1.5265E+05  1.3133E+03
1.5271E+05  1.3129E+03
1.5277E+05  1.3126E+03
1.5283E+05  1.3123E+03
1.5289E+05  1.3120E+03
1.5295E+05  1.3117E+03
1.5301E+05  1.3113E+03
1.5307E+05  1.3110E+03
1.5313E+05  1.3107E+03
1.5319E+05  1.3104E+03
1.5325E+05  1.3101E+03
1.5331E+05  1.3097E+03
1.5337E+05  1.3094E+03
1.5343E+05  1.3091E+03
1.5349E+05  1.3088E+03
1.5355E+05  1.3085E+03
1.5361E+05  1.3082E+03
1.5367E+05  1.3079E+03
1.5373E+05  1.3075E+03
1.5379E+05  1.3072E+03
1.5385E+05  1.3069E+03
1.5391E+05  1.3066E+03
1.5397E+05  1.3063E+03
1.5403E+05  1.3060E+03
1.5409E+05  1.3057E+03
1.5415E+05  1.3054E+03
1.5421E+05  1.3051E+03
1.5427E+05  1.3048E+03
1.5433E+05  1.3044E+03
1.5439E+05  1.3041E+03
1.5445E+05  1.3038E+03
1.5451E+05  1.3035E+03
1.5457E+05  1.3032E+03
1.5463E+05  1.3029E+03
1.5469E+05  1.3026E+03
1.5475E+05  1.3023E+03
1.5481E+05  1.3020E+03
1.5487E+05  1.3017E+03
1.5493E+05  1.3014E+03
1.5499E+05  1.3011E+03
1.5505E+05  1.3008E+03
1.5511E+05  1.3005E+03
1.5517E+05  1.3002E+03
1.5523E+05  1.2999E+03
1.5529E+05  1.2996E+03
1.5535E+05  1.2993E+03
1.5541E+05  1.2991E+03
1.5547E+05  1.2988E+03
1.5553E+05  1.2985E+03
1.5559E+05  1.2982E+03
1.5565E+05  1.2979E+03
1.5571E+05  1.2976E+03
1.5577E+05  1.2973E+03
1.5583E+05  1.2970E+03
1.5589E+05  1.2966E+03
1.5595E+05  1.2963E+03
1.5601E+05  1.2959E+03
1.5607E+05  1.2955E+03
1.5613E+05  1.2952E+03
1.5619E+05  1.2948E+03
1.5625E+05  1.2945E+03
1.5631E+05  1.2942E+03
1.5637E+05  1.2938E+03
1.5643E+05  1.2935E+03
1.5649E+05  1.2931E+03
1.5655E+05  1.2928E+03
1.5661E+05  1.2924E+03
1.5667E+05  1.2921E+03
1.5673E+05  1.2918E+03
1.5679E+05  1.2914E+03
1.5685E+05  1.2911E+03
1.5691E+05  1.2908E+03
1.5697E+05  1.2904E+03
1.5703E+05  1.2901E+03
1.5709E+05  1.2898E+03
1.5715E+05  1.2895E+03
1.5721E+05  1.2891E+03
1.5727E+05  1.2888E+03
1.5733E+05  1.2885E+03
1.5739E+05  1.2882E+03
1.5745E+05  1.2879E+03
1.5751E+05  1.2875E+03
1.5757E+05  1.2872E+03
1.5763E+05  1.2869E+03
1.5769E+05  1.2866E+03
1.5775E+05  1.2863E+03
1.5781E+05  1.2860E+03
1.5787E+05  1.2857E+03
1.5793E+05  1.2854E+03
1.5799E+05  1.2851E+03
1.5805E+05  1.2848E+03
1.5811E+05  1.2845E+03
1.5817E+05  1.2842E+03
1.5823E+05  1.2839E+03
1.5829E+05  1.2836E+03
1.5835E+05  1.2833E+03
1.5841E+05  1.2830E+03
1.5847E+05  1.2827E+03
1.5853E+05  1.2824E+03
1.5859E+05  1.2821E+03
1.5865E+05  1.2818E+03
1.5871E+05  1.2816E+03
1.5877E+05  1.2813E+03
1.5883E+05  1.2810E+03
1.5889E+05  1.2807E+03
1.5895E+05  1.2804E+03
1.5901E+05  1.2802E+03
1.5907E+05  1.2799E+03
1.5913E+05  1.2796E+03
1.5919E+05  1.2793E+03
1.5925E+05  1.2791E+03
1.5931E+05  1.2788E+03
1.5937E+05  1.2786E+03
1.5943E+05  1.2783E+03
1.5949E+05  1.2781E+03
1.5955E+05  1.2778E+03
1.5961E+05  1.2775E+03
1.5967E+05  1.2773E+03
1.5973E+05  1.2770E+03
1.5979E+05  1.2768E+03
1.5985E+05  1.2765E+03
1.5991E+05  1.2763E+03
1.5997E+05  1.2760E+03
1.6003E+05  1.2758E+03
1.6009E+05  1.2755E+03
1.6015E+05  1.2753E+03
1.6021E+05  1.2751E+03
1.6027E+05  1.2748E+03
1.6033E+05  1.2746E+03
1.6039E+05  1.2743E+03
1.6045E+05  1.2741E+03
1.6051E+05  1.2739E+03
1.6057E+05  1.2736E+03
1.6063E+05  1.2734E+03
1.6069E+05  1.2732E+03
1.6075E+05  1.2729E+03
1.6081E+05  1.2727E+03
1.6087E+05  1.2725E+03
1.6093E+05  1.2722E+03
1.6099E+05  1.2720E+03
1.6105E+05  1.2718E+03
1.6111E+05  1.2716E+03
1.6117E+05  1.2713E+03
1.6123E+05  1.2709E+03
1.6129E+05  1.2706E+03
1.6135E+05  1.2702E+03
1.6141E+05  1.2699E+03
1.6147E+05  1.2695E+03
1.6153E+05  1.2692E+03
1.6159E+05  1.2688E+03
1.6165E+05  1.2685E+03
1.6171E+05  1.2682E+03
1.6177E+05  1.2678E+03
1.6183E+05  1.2675E+03
1.6189E+05  1.2671E+03
1.6195E+05  1.2668E+03
1.6201E+05  1.2665E+03
1.6207E+05  1.2661E+03
1.6213E+05  1.2658E+03
1.6219E+05  1.2655E+03
1.6225E+05  1.2651E+03
1.6231E+05  1.2648E+03
1.6237E+05  1.2645E+03
1.6243E+05  1.2641E+03
1.6249E+05  1.2638E+03
1.6255E+05  1.2635E+03
1.6261E+05  1.2632E+03
1.6267E+05  1.2628E+03
1.6273E+05  1.2625E+03
1.6279E+05  1.2622E+03
1.6285E+05  1.2619E+03
1.6291E+05  1.2615E+03
1.6297E+05  1.2612E+03
1.6303E+05  1.2609E+03
1.6309E+05  1.2606E+03
1.6315E+05  1.2603E+03
1.6321E+05  1.2600E+03
1.6327E+05  1.2596E+03
1.6333E+05  1.2593E+03
1.6339E+05  1.2590E+03
1.6345E+05  1.2587E+03
1.6351E+05  1.2584E+03
1.6357E+05  1.2581E+03
1.6363E+05  1.2578E+03
1.6369E+05  1.2575E+03
1.6375E+05  1.2572E+03
1.6381E+05  1.2569E+03
1.6387E+05  1.2566E+03
1.6393E+05  1.2563E+03
1.6399E+05  1.2560E+03
1.6405E+05  1.2557E+03
1.6411E+05  1.2554E+03
1.6417E+05  1.2551E+03
1.6423E+05  1.2548E+03
1.6429E+05  1.2545E+03
1.6435E+05  1.2542E+03
1.6441E+05  1.2539E+03
1.6447E+05  1.2536E+03
1.6453E+05  1.2533E+03
1.6459E+05  1.2530E+03
1.6465E+05  1.2527E+03
1.6471E+05  1.2524E+03
1.6477E+05  1.2522E+03
1.6483E+05  1.2519E+03
1.6489E+05  1.2516E+03
1.6495E+05  1.2513E+03
1.6501E+05  1.2511E+03
1.6507E+05  1.2508E+03
1.6513E+05  1.2505E+03
1.6519E+05  1.2502E+03
1.6525E+05  1.2500E+03
1.6531E+05  1.2497E+03
1.6537E+05  1.2494E+03
1.6543E+05  1.2492E+03
1.6549E+05  1.2489E+03
1.6555E+05  1.2486E+03
1.6561E+05  1.2483E+03
1.6567E+05  1.2481E+03
1.6573E+05  1.2478E+03
1.6579E+05  1.2475E+03
1.6585E+05  1.2473E+03
1.6591E+05  1.2470E+03
1.6597E+05  1.2468E+03
1.6603E+05  1.2465E+03
1.6609E+05  1.2463E+03
1.6615E+05  1.2460E+03
1.6621E+05  1.2458E+03
1.6627E+05  1.2455E+03
1.6633E+05  1.2453E+03
1.6639E+05  1.2450E+03
1.6645E+05  1.2447E+03
1.6651E+05  1.2445E+03
1.6657E+05  1.2442E+03
1.6663E+05  1.2439E+03
1.6669E+05  1.2436E+03
1.6675E+05  1.2434E+03
1.6681E+05  1.2431E+03
1.6687E+05  1.2428E+03
1.6693E+05  1.2426E+03
1.6699E+05  1.2423E+03
1.6705E+05  1.2420E+03
1.6711E+05  1.2417E+03
1.6717E+05  1.2415E+03
1.6723E+05  1.2412E+03
1.6729E+05  1.2410E+03
1.6735E+05  1.2407E+03
1.6741E+05  1.2404E+03
1.6747E+05  1.2402E+03
1.6753E+05  1.2399E+03
1.6759E+05  1.2397E+03
1.6765E+05  1.2394E+03
1.6771E+05  1.2391E+03
1.6777E+05  1.2389E+03
1.6783E+05  1.2386E+03
1.6789E+05  1.2384E+03
1.6795E+05  1.2381E+03
1.6801E+05  1.2379E+03
1.6807E+05  1.2376E+03
1.6813E+05  1.2374E+03
1.6819E+05  1.2372E+03
1.6825E+05  1.2369E+03
1.6831E+05  1.2367E+03
1.6837E+05  1.2364E+03
1.6843E+05  1.2362E+03
1.6849E+05  1.2359E+03
1.6855E+05  1.2357E+03
1.6861E+05  1.2354E+03
1.6867E+05  1.2352E+03
1.6873E+05  1.2349E+03
1.6879E+05  1.2347E+03
1.6885E+05  1.2345E+03
1.6891E+05  1.2342E+03
1.6897E+05  1.2340E+03
1.6903E+05  1.2337E+03
1.6909E+05  1.2335E+03
1.6915E+05  1.2333E+03
1.6921E+05  1.2330E+03
1.6927E+05  1.2328E+03
1.6933E+05  1.2325E+03
1.6939E+05  1.2323E+03
1.6945E+05  1.2321E+03
1.6951E+05  1.2318E+03
1.6957E+05  1.2316E+03
1.6963E+05  1.2314E+03
1.6969E+05  1.2311E+03
1.6975E+05  1.2309E+03
1.6981E+05  1.2307E+03
1.6987E+05  1.2305E+03
1.6993E+05  1.2302E+03
1.6999E+05  1.2300E+03
1.7005E+05  1.2298E+03
1.7011E+05  1.2296E+03
1.7017E+05  1.2294E+03
1.7023E+05  1.2291E+03
1.7029E+05  1.2289E+03
1.7035E+05  1.2287E+03
1.7041E+05  1.2285E+03
1.7047E+05  1.2283E+03
1.7053E+05  1.2280E+03
1.7059E+05  1.2277E+03
1.7065E+05  1.2274E+03
1.7071E+05  1.2271E+03
1.7077E+05  1.2267E+03
1.7083E+05  1.2264E+03
1.7089E+05  1.2261E+03
1.7095E+05  1.2258E+03
1.7101E+05  1.2255E+03
1.7107E+05  1.2252E+03
1.7113E+05  1.2249E+03
1.7119E+05  1.2245E+03
1.7125E+05  1.2242E+03
1.7131E+05  1.2239E+03
1.7137E+05  1.2236E+03
1.7143E+05  1.2233E+03
1.7149E+05  1.2230E+03
1.7155E+05  1.2227E+03
1.7161E+05  1.2224E+03
1.7167E+05  1.2222E+03
1.7173E+05  1.2219E+03
1.7179E+05  1.2216E+03
1.7185E+05  1.2213E+03
1.7191E+05  1.2210E+03
1.7197E+05  1.2207E+03
1.7203E+05  1.2204E+03
1.7209E+05  1.2201E+03
1.7215E+05  1.2198E+03
1.7221E+05  1.2196E+03
1.7227E+05  1.2193E+03
1.7233E+05  1.2190E+03
1.7239E+05  1.2187E+03
1.7245E+05  1.2185E+03
1.7251E+05  1.2182E+03
1.7257E+05  1.2179E+03
1.7263E+05  1.2177E+03
1.7269E+05  1.2174E+03
1.7275E+05  1.2171E+03
1.7281E+05  1.2169E+03
